9.685977736451812348e+01
5.208425016981382782e+01
-6.607472247839807267e+01
6.972409715862647772e+01
5.818723615447785846e+01
5.596057061564212631e+01
-9.415075676927548898e+01
6.290796915500763475e+01
8.783366428801383563e+01
-3.979454628511740566e+01
1.630656597880467018e+01
-5.868356781262872346e+01
4.889964908486118134e+01
1.997480945305283626e+02
5.782374565506654562e+01
-8.602472742501193181e+01
2.369015490987972328e+01
1.837512752540629890e+02
-3.741293046551178492e+01
1.904714103008671486e+02
1.420913088178974704e+02
-3.597448111116288771e+01
-1.842399638748113944e+01
-4.041234464190343090e+01
-2.517098314587339303e+01
1.202961182069284689e+02
-7.923564306027398629e+01
1.384492253660120298e+02
6.689184938129551483e+01
-7.502081181250244413e+01
6.926657506231157413e+01
-2.770728159594204953e+01
-6.097611291512245657e+01
-7.523386674209422154e+01
4.003513645079729599e+01
6.359055419388135988e+01
-6.953998135286795446e+01
-3.038940121113840576e+01
-1.623437317748700082e+01
2.118286002128260748e+01
1.683725919861025204e+02
3.782832733578118223e+01
2.909769580750054274e+01
-6.464338708841803793e+01
-5.413813183342605129e+01
1.891276432716709905e+02
2.277982212871876300e+01
4.053616325157659617e+01
-2.410703466783175486e+01
-1.742191623169469494e+01
-7.028685036473348191e+01
-5.393759564935186290e+01
9.954323542080373954e+01
9.751738936718624018e+01
4.463561900379261260e+01
4.692174921290958878e+01
-9.110404628737484245e+01
1.191780390974826105e+02
2.565644048859411441e+00
-8.930480022735301304e+01
-1.742775585882793621e+01
4.932453457821017651e+01
1.606214974416442942e+02
-7.325527335211728541e+01
1.550848227908119270e+00
2.180029226969092804e+01
1.057292882548568969e+01
-6.847178403975806305e+01
1.826012540036945211e+02
-5.378622680701747072e+01
1.050236561155113861e+02
1.478809107815949346e+02
8.643261511274732811e+01
4.676918949182351071e+00
1.049131441570374363e+02
6.459145398162175411e+01
5.237310894881463241e+01
-9.193804526560184343e+01
7.741509878108013254e+01
-5.662566081558610165e+01
1.514383710352444723e+02
1.622214251295721397e+02
3.703168607186299255e+00
1.621320125178581293e+02
-4.262243941822264759e+01
1.099623981321976203e+02
1.939955471406751712e+02
-3.950017718377072384e+01
-4.529059083073121883e+00
-2.627759298844338787e+01
1.882970945295082856e+02
1.218685675438223086e+02
1.727252623328075742e+02
-7.331070269911440107e+01
1.274308083684782673e+02
1.416338870480655601e+02
7.136970341518659211e+01
-5.976645562723681593e+01
-7.937929074932577578e+01
1.042239811585253335e+02
1.705846501680484266e+02
1.236247396903620199e+02
3.387170218049567438e+01
1.714991624373534478e+02
7.327299652627573323e+01
-6.141144700340245066e+01
-1.448641402008391310e+00
1.746830374756104334e+02
1.009925194788698377e+01
-3.011910180772628109e+01
-1.978241960034338831e+00
-4.131934394018242784e+01
-7.085404422048242168e+01
-4.218335442299957805e+01
-6.434898703218007654e+01
-1.429635340651960007e+01
1.800394215041059169e+02
7.706029036675658972e+00
9.442737750699427579e+01
7.683580744673861318e+01
1.726018243892200985e+02
1.117083362681836149e+02
7.072630127313746584e+01
2.583256770495272292e+01
1.331108413793852776e+02
1.849217420455980232e+01
1.800450510432433475e+02
9.739896965493790049e+01
1.141747186663557159e+02
9.469681289599927254e+01
1.935729748726470802e+02
3.798951096162141994e+00
7.490045063319519159e+01
2.423877557566675023e+01
3.357134461590146657e+01
2.738766927434414811e+01
-9.707052134233445884e+01
1.977125902380803382e+02
2.586988284157786211e+01
1.309510827132320685e+02
1.949246185504661355e+01
-3.851026475424663431e+01
1.464568274509812227e+02
5.058553057981998791e+01
1.013927023089102875e+02
7.207602236984672572e+01
-5.349559519777905336e+01
8.499067226617873416e+01
1.312479854578608638e+02
1.413627111823019504e+02
4.353390251149923529e+01
2.151142773326031943e+01
5.874785434009984897e+01
-9.780414457921376936e+01
1.690558764736860553e+02
8.868869309897792164e+01
-2.592770228907943419e+01
9.261109416162281605e+01
-8.491258540381110720e+01
1.967978918797836059e+02
4.846838031285520287e+01
3.957347679766741066e+01
1.376922196381895276e+02
-8.834294654191818097e+01
1.733262289697582901e+02
-1.881192848157434128e+01
-8.455662367775565258e+01
7.416926222088093823e+00
-7.030399753883278890e+01
9.065004125612503572e+01
1.926648184563037489e+02
8.513481462426622670e+01
-8.541536936582433270e+01
4.222638351127483247e+01
2.623379674981535459e+00
1.900405790630395018e+02
1.970403247692464106e+02
1.916115970666247676e+02
1.596284151313818711e+02
1.768216591023919193e+01
-5.303841660571665528e+01
-5.242297424878950096e+01
-1.123564469380225717e+01
1.077148549402206186e+02
-5.224003816516402310e+01
-8.459159995448743530e+01
-5.342436689726815757e+01
1.428880835405849439e+02
-4.689140814402094293e+01
9.595049236112851077e+01
1.489947587655876191e+02
1.196770637636735728e+02
1.311745736600250041e+02
1.622139593333806147e+02
1.878029562993810941e+01
1.084581611125076108e+02
3.023729980399079409e+01
-7.201303353355930881e+01
2.174203286246000744e+01
1.651752594803037368e+02
4.007317498411677548e+01
3.771570078083468047e+01
-3.295998672568597954e+01
5.050462000736411028e+01
-8.591705686717662616e+01
1.629754218463835969e+02
-8.738013680965309504e+00
9.101309498938508113e+01
3.168676277391273288e+01
1.695232562915271046e+02
-6.839477460468629033e+00
1.329470513368839022e+02
-9.754340211253979476e+01
5.720245679583953802e+00
1.942188812237725415e+01
1.722105082089904045e+02
1.503651214460852827e+02
1.718461151682543004e+02
1.750781811465119517e+02
1.573017221840715365e+02
1.884615140805726696e+01
-1.850178332943796988e+01
1.584395411276402683e+02
1.129380944995303366e+02
6.369053915596566640e+01
2.054646498444233771e+01
1.859317034158353863e+02
1.849350214134192925e+02
-2.697435068091724020e+01
-4.708785657512027711e+01
-1.613656429441500961e+01
1.100501232160913219e+02
1.836364735438590401e+02
8.894767612460253758e+01
-9.287981535798377308e+01
1.979467872582553412e+01
8.962422818952148873e+00
5.200000964498036637e+01
1.112180188012459041e+02
1.908659252147954817e+02
9.003502786409157466e+01
1.964827050255041740e+02
1.382951040581610869e+02
1.297797850540793831e+02
1.410188348958275526e+02
1.138276080195406621e+02
2.662191372240299359e+01
1.278349047573022972e+02
4.290423759119505576e+00
4.665599343140596034e+01
-5.926265760442161934e+01
1.956459933681769030e+02
2.303661284418457456e+01
1.381467887723180183e+02
1.970515910682590857e+02
9.923125703468105030e+01
1.178922006536252809e+02
1.628757660397753853e+02
1.054239954955845349e+02
1.499334695634868240e+02
1.291363364124584621e+02
1.751564675522920993e+02
-1.591969657027046026e+01
8.690046689928021806e+01
7.342163101966073668e+01
7.611908399617556142e+01
8.939522158482233749e+01
-7.302412058066884981e+01
5.334850194744836926e+01
-8.599689765550661491e+01
1.647880517159193232e+02
9.761802685141861957e+01
-3.350983110640731866e+01
6.398436425732367638e+01
-1.105470897301735533e+01
8.693019211875295582e+01
1.200077785561299208e+02
9.209925278856221098e+01
1.521518821562426922e+02
1.922060290475406532e+02
-8.385185373081995408e+01
6.993717181766615454e+01
1.037342707471660503e+02
1.816399179951940255e+02
4.093820444563797878e+01
1.471937977586980821e+02
-7.765269955740600949e+01
-6.754953750519489120e+01
1.007712009876740069e+02
2.000087211229981676e+01
1.679571155809633751e+02
2.418686306630510785e+01
7.231786237226401681e+01
1.158519227661835487e+02
1.964216319456213000e+02
1.912406057121954746e+02
7.833153714821429503e+01
3.491798799163271383e+01
-7.078531692146003707e+01
1.132058521105024909e+02
-7.164740167734302645e+01
-6.925300020810284707e+01
5.825361801902840853e+01
-9.362833971280090850e+01
1.791937960267193830e+02
1.529692944351738504e+02
7.807239437596894049e+01
6.269624285506134242e+01
2.998900944152549641e+01
1.028985280537575875e+01
-5.262405597738234775e+01
1.879182500227435639e+02
-3.209488524241714913e+01
6.414034014055383182e+01
5.700193316353616524e+01
9.681374274940625924e+01
1.092328123098388915e+01
4.856555796745004727e+01
3.623382738523903868e+01
5.804146530418137218e+00
1.830402352091889497e+02
1.322108153777886912e+02
1.851207215938688364e+02
5.904895859891476562e+01
1.431922610308467085e+02
-4.669633071308013683e+01
1.149544487471491436e+02
1.032909758363987862e+02
2.370000177147316833e+01
-4.172726916258049101e+01
9.441076338597252970e+01
-3.980463630004788200e+01
1.618212514337996311e+01
7.640744588753284461e+01
1.531048900756769058e+02
2.557790149548765157e+00
1.285813552518193603e+02
1.914605756948564874e+01
5.755745380901387875e+01
1.650943850383908398e+02
1.578597688518972291e+02
1.745994378524788431e+02
-4.373455411347229926e+01
1.910317722406994676e+02
3.012956017182941082e+01
1.694524597859918345e+02
-4.690700406560202396e+01
-5.054328186393729538e+01
-3.505279344109283102e+01
1.192594672138684473e+02
-1.494601353536344845e+01
1.634690057991644494e+02
9.565481614208022165e+01
1.941456452535094854e+02
8.087895205500009865e+01
-6.604314862980299949e+01
2.772547993562200475e+01
7.013279991131827273e+01
-4.540927009755223764e+01
-9.567707822420757680e+00
-8.653816847037268190e+01
1.214797813180021535e+02
-4.469660485036306596e+01
1.414259078839774872e+02
-6.667246352786790453e+01
1.033136686121781338e+02
8.870354852701339610e+01
4.923350549186235980e+01
9.384553015697554201e+01
5.544343436262423097e+00
1.560502586634046338e+02
2.622415228301714762e+01
1.943863533614997436e+02
-2.134304183468017868e+01
-5.188126456282359555e+01
1.475146144350769362e+02
1.633261543546892653e+02
-1.803388816476082468e+01
-6.949935809872449965e+01
-3.422295585058049028e+01
4.743861418540632258e+01
1.159708351483957074e+02
1.159047941255653598e+02
-9.118459404212714503e+00
2.868134103758623610e+01
-6.548526322310948444e+01
5.518812178966825854e+01
1.531897422843201184e+02
-9.711731669298430347e+01
-3.540524937035200992e+00
1.861231302513071455e+02
1.629387884409022149e+02
6.163024415010553980e+01
-8.844067844751501184e+01
1.376141459608709567e+02
2.021762807891818170e+00
-3.211187746592514713e+00
2.646491908112975011e+01
-1.238555782512837311e+01
1.207813948929798471e+02
1.855149492114021541e+02
-6.597162902770045889e+01
-2.306875837041152977e+01
1.886466253345415680e+02
7.238111167866821916e+01
1.153971820942801685e+02
-4.774535066615430878e+01
-4.683545631871331238e+01
5.012599119923277158e+01
4.803844722597690975e+01
1.362704970991170512e+02
5.900549373403845266e+01
4.691143297462943451e+01
8.510638935127170157e+01
-9.332944518579751048e-01
3.074091340981303233e+01
1.030182792389404938e+02
1.287826252331738317e+02
-4.967175236892301626e+01
1.766808004037880551e+02
-4.744949573989115521e+01
1.538786820881878725e+02
1.980884370544587227e+02
9.975870876638060736e+01
-5.586722374900390520e+01
9.410199416706399234e+01
1.967774884654054404e+02
1.308095958064970716e+02
-3.440816322110048020e+01
1.384152791326187355e+02
6.809455319776574811e+01
9.666630126168726633e+00
9.308978616407569007e+01
-5.690056665912730693e+01
1.518822288420583959e+02
1.079025375680876380e+02
6.920222811829205511e+00
1.402016130708984747e+02
-1.967842543351262918e+01
-7.837914392635065042e+01
-6.732099039178157796e+01
8.563146368076127146e+01
-7.396014105546380790e+01
1.428900654354224002e+02
-1.631557892270859611e+01
7.277811277341612595e+01
2.654787955079925155e+00
5.775425055293294463e+01
-6.977485909227677041e+01
1.277815445379386858e+02
1.235120211985000651e+02
1.642955699855773446e+02
1.533179717955958665e+01
3.479448678611589685e+01
-4.916241885068025397e+01
-5.223421440035126295e+01
1.659642979860458922e+02
6.247074496438460756e+01
1.385263097386439881e+02
-3.746567212532285396e+01
-5.151359255632384304e+01
1.840804343420528539e+02
2.019513306803534647e+01
-3.220273955676924516e+01
1.991817978830945322e+02
6.431672458694259831e+01
1.314749658748330319e+02
1.841675573311878793e+02
4.576040055859010636e+00
1.131258334844719116e+02
7.061442833768964533e+01
3.314683187440246570e+01
8.995230860484502955e+01
7.272228810023639767e+01
1.518408585120992313e+02
1.687340621577652087e+02
9.926146642549474564e+01
-8.310465873292875472e+01
1.701919811454728801e+02
-6.117309076669962309e+01
1.842187943209403329e+02
-3.000993951524837655e+01
-5.925115039333860523e+00
-7.592347015529873033e+01
1.439203496114137124e+02
3.384375845403013727e+01
-9.729943905378948443e+01
1.896268095482026297e+02
1.920170516844653434e+02
8.827280857237292366e+01
1.699404448886477326e+02
1.622236057823067199e+02
1.490634995785245565e+02
-2.522011215491406233e+01
-2.763450179532685524e+01
1.552655559178204498e+02
-7.507502372038817384e+01
1.618048970828278357e+02
1.187750861211750646e+02
9.760574178026925551e+01
3.360524500603341380e+01
8.538849990407021551e+01
-8.497927305952387655e+01
1.533264944385968249e+02
1.223861698871027670e+01
-8.722074661484208491e+01
2.048381431266190589e+01
1.751714425825294086e+01
1.636759658186861088e+02
5.674963498597895750e+01
-7.813136012636564942e+01
8.990168773618768228e+01
-7.784113762607884723e+01
1.174716084538005134e+01
6.956184432758178104e+01
-6.466932443328190061e+01
4.772851927314169984e+01
9.774444179104096975e+01
1.686601964662224873e+01
1.636315562493170717e+01
8.045240608206376010e+01
1.674605225927833203e+02
2.109447404519427494e+01
5.840203970480345674e+00
1.647172955034902202e+02
-2.075021539302957763e+01
8.222480279547150417e+01
6.992885391270556283e+01
-7.085332232412042686e+01
7.844736896776478829e+01
-7.517394773403634645e+01
9.500132809284573909e+01
-6.777906690802213063e+01
9.970008938418195044e+01
-7.838919229155351331e+01
-8.102050031005244080e+01
1.225476195190725264e+02
-6.107941534274624473e+01
1.366831054003847896e+02
-6.995464903960153435e+01
1.215858859645652501e+01
-8.097800936130288108e+01
7.012565073600859478e+01
7.869914009850080561e+01
-2.309195917439342338e+01
2.298948294824180039e+01
2.168797490516027437e+01
-1.213443351299588358e+00
1.821356201673911528e+02
-5.942205123334328931e+01
1.680123132929404051e+02
6.306764300041868410e+01
8.116437232514044808e+00
1.589130496376293422e+02
1.072396971317612611e+02
4.707931795484662985e+01
-4.469785298115191807e+01
-2.957486990291351958e+01
6.420961693492770905e+01
-6.422511176985648262e+01
-9.008728693305472746e+01
-2.231865191543708704e+01
1.015915396761588738e+02
-5.317297083477947695e+01
1.429175060799169330e+02
1.038775818173475045e+02
-2.787034821755568714e+00
3.255050912170722199e+01
5.333194745918160606e+01
4.777622827186900167e+01
1.422963191143394965e+02
-9.377308371715534463e+01
4.313065434707792178e+01
1.162076598299483408e+02
4.330335257593321785e+01
1.272529751131847604e+02
1.709110740642256019e+02
1.145119513177120041e+01
1.221884175522152418e+02
1.560721946916064553e+02
6.615015542691426731e+01
1.967380442252499506e+02
8.203919761222340412e+01
1.337245339345480488e+02
-4.441617048079911001e+01
-7.692395260043710437e+00
9.227886793638202789e+01
1.046354396200360100e+02
1.575808719388547274e+02
-6.843293458008673724e+01
-5.883182784396838372e+01
-1.703579303233830444e+01
-8.495032041322568261e+01
1.383465391842637473e+02
8.477833495620657800e+01
5.051955769720052558e+01
-1.079301108540707332e+01
1.033637516879256850e+02
1.633577355915736575e+02
6.637438154810399737e+01
1.442122585382304862e+02
3.095047809022037200e+01
5.949445478853337477e+01
7.216645969662212678e+01
-2.837657979419591925e+01
1.543703113484466201e+02
1.412927114381665490e+02
1.384040550435425132e+02
1.638255919172630684e+02
1.601594441137658009e+01
5.954406630705051384e+00
-1.116476189027166299e+01
1.672154636697521823e+02
6.056900150699701157e+01
1.545857195827248916e+02
3.784613652806319806e+01
-3.162575589065068016e+01
8.723272492464829497e+00
-8.705499112728236355e+01
1.863193303978895869e+02
-3.337641580045601586e+01
1.992686585990530261e+02
1.649910254085543784e+02
5.120855302753508909e+01
-7.348686072472503383e+00
7.221876307106066406e+01
4.224981647309061827e+01
-4.569557243546581304e+01
1.314415086879070884e+02
-5.068496492091796313e+00
-6.264693468711442392e+00
1.396587417565790190e+01
1.387911834884413622e+02
1.206100445626454132e+02
1.877993219361546267e+02
-8.316408384693883704e+01
-7.467155936782249626e+01
1.214367705468979466e+02
4.547732025044467719e+00
1.010040377660296542e+02
-3.226744869689012774e+01
1.026387158181217671e+02
4.594935975619731039e+01
-8.217182497947331399e+01
5.634667016972233000e+01
-2.577274223422763555e+01
-2.947602643381998178e+01
1.334988617302741432e+00
-2.142091466944235378e+01
8.977977633275301628e+00
1.419657231120377219e+02
4.349261210631161134e+01
4.439235904343320271e+01
6.219226734113328803e+01
-2.305797321249009713e+01
4.791121215205916428e+01
-7.228241252281031848e+01
1.979563400911265489e+02
-6.534407628681674396e+01
-3.019707353460631793e+01
-1.905372374718510287e+00
1.417665734079175195e+02
8.738759344699286657e+01
1.137944061879160245e+02
1.947900564719767544e+02
7.255677566651593224e+01
1.137982891515512449e+02
7.973090189795823335e+01
-1.823054748267047387e+01
1.817533040428760955e+02
4.384041553914943279e+01
-8.228484188652967646e+01
1.308924885017429460e+02
7.766073384056056739e+01
-6.159800137421829191e+01
1.864413005102306329e+02
-5.200521954325396479e+01
1.857927743595067227e+01
1.395663408764840199e+02
1.110919460601625133e+02
-1.182479830227322282e+00
1.863527756043682189e+02
2.010363712958364601e+01
-9.258857558723192938e+00
1.379741832515371698e+02
1.120372140622711754e+02
-8.326022553287629080e+01
-2.463211581919112803e+01
-5.549040679941376197e+01
1.712603587607728741e+02
1.480172139124987893e+02
1.992436528251024015e+02
1.665798052095578328e+02
-3.881969587682163336e+01
3.358102647314569822e+01
-4.789452480366895770e+01
6.794125062513995772e+01
2.653185098724873114e+01
6.001276684028297836e+01
7.750321307986490638e+01
7.944229432639122024e+01
1.607739977670735243e+01
1.821703379476207374e+02
1.370710901210253780e+02
-7.951352177669676280e+00
1.710869796097544508e+02
1.974884092367941548e+02
-7.124831447522424810e+01
1.069302033515177754e+02
7.313577339294624835e+01
3.224725988481614536e+01
1.333531871092564245e+02
1.445274128015631732e+02
8.371117084210203529e+01
-4.360516066713871197e+01
1.941724741967936438e+02
9.645861065893652153e+01
1.824100626341644329e+02
7.979302486982820142e+01
1.634144387474421478e+02
4.685817759712344355e+01
1.497314706676084484e+01
1.485318309341750762e+02
2.385019065083693590e+01
1.686559301509163902e+02
-5.488624577346782019e+01
1.826752651562624123e+02
8.684260686683688846e+01
8.711916397017790814e+01
1.506466851315173301e+02
1.762204453321293158e+02
2.365574850726540035e+01
5.810088534799066906e+01
1.802904185299564688e+02
-4.769533931451798026e+01
1.683764784196135338e+02
3.562184131861758374e+01
6.705742018460369991e-01
1.683749933458506121e+02
1.671542427280326137e+02
-8.805474396169859119e+01
-2.998278312317657424e+01
-4.317663289407717997e+01
3.318351630962305876e+01
1.184353690664390797e+02
1.077885527256811997e+02
-1.683435406344958096e+01
6.458465741079808708e+01
1.704786788248119365e+02
1.112928939822222389e+02
1.520473147101858729e+02
3.987804420954796569e+01
-5.694867307712223692e+01
1.149538379715593805e+01
-7.201157189582445994e+00
1.314762048250996713e+02
1.258754012173724846e+00
1.292062787620155859e+02
1.148879166999127506e+02
1.730359892472711181e+02
8.601900190653665845e+01
-9.717658772993436855e+01
1.609139487315605948e+02
7.653398750173371923e+01
7.610875432592160905e+01
7.508261196358304801e+01
-3.994726689900609529e+01
7.270238559787546251e+01
5.510504255028499188e+01
-7.039695539064479135e+01
8.113149235070861209e+01
-3.018747032942854958e+00
-6.723691086217576185e+01
1.323898153891506411e+02
1.065008451506869847e+02
1.969208211683096579e+02
1.212710975792287229e+02
-4.271624499740575231e+01
-2.544219509653235889e+01
-6.518186660270873745e+01
1.055650520561452481e+02
-9.185222925182706888e+01
7.070385797811309203e+01
1.924393090673272582e+02
1.097595964419276129e+02
-9.093212146544817642e+01
1.075602334196700838e+02
-1.684080763633600952e+01
5.473870947938476661e+01
-7.467061713872953987e+01
-9.913499634052161014e+01
1.416050272847950851e+02
6.367437869230306546e+01
1.217543601623887071e+02
-7.701432755430990085e+01
1.962482480830678355e+02
9.054728995176876083e+01
4.771025818400460139e+01
1.273469792384979939e+02
2.389425115896909801e+01
-5.641396077965566036e+01
-3.515250052685016158e+01
-5.434487410859379963e+01
1.252462403021655462e+02
-5.388415365043185545e+01
1.153786991151560528e+02
1.521511388521513481e+02
1.465335793485972147e+02
-6.844579119981560211e+00
1.366122211230117784e+02
-5.835809900108188231e+00
2.728493563599860749e+01
4.926627923297394318e+01
1.271313883156054487e+02
1.379173355556928016e+01
1.839729698817059784e+02
-8.446751936693348739e+01
-8.939416959598244716e+01
1.331671510541739849e+02
2.187075550304426486e+01
6.059794502240586667e+01
2.831194487717107222e+01
1.530045739990919174e+02
8.516955408086604962e+01
-3.237826572886888243e-01
1.291205084744607348e+02
1.985134889281567894e+02
6.150125391549889287e+01
1.469258107099792880e+02
1.526983601556384258e+02
-2.991802523595001162e+01
-7.217682192891190596e+01
3.927096423783012824e+00
1.021505955539097954e+02
2.550301990660864249e+01
-9.644990004371834402e+00
-9.671350344481848538e+01
1.500494201063687854e+02
1.800276584478568225e+02
-4.527225571544732929e+01
-4.343832771599998921e+01
1.047824196211209369e+01
-4.609856443474823351e+01
-1.511434620435733223e+01
-5.002432679302737029e+01
-9.503540565136584917e+01
-7.612148950560545302e+01
1.361072405218789072e+02
9.512983772049636855e+00
-6.424179993298733393e+01
-6.916622277063868296e+01
-6.620539732046762538e+01
1.673381749733071047e+02
1.358604916747236473e+02
1.020260090965086590e+02
1.227346680202208233e+02
1.596169483094282668e+02
1.086302704258235963e+02
-4.807309638109421712e+01
-8.986127525035040264e+01
2.194118513175385488e+01
6.620003411560372797e+01
-6.091043319099954800e+01
6.317342759272841590e+01
-3.705282716583611347e+01
1.351035743911404836e+02
4.345011454798572004e+01
7.473225761317098659e+01
1.236225944000072161e+02
1.067032562244095573e+02
3.673875891058980869e+01
1.090962962083763728e+02
2.190428246242051102e+01
2.650483853415306612e+01
1.612703791276021548e+02
-9.011245362932787373e+01
-5.298911850720475769e+01
1.869231989719002058e+02
-3.244954924881177760e+01
7.950871384317244406e+01
-9.571848503202640757e+01
-1.134106709695170423e+01
-6.069025706823410360e+00
-1.569936911938944490e+01
1.027109566616912559e+02
1.596617091448101178e+02
-3.654870176727097686e+01
-2.155431023350855924e+01
1.985882882491359851e+02
-6.329623006639009475e+01
3.938240866367274862e+01
1.819712913380119517e+02
1.550733133042156169e+02
-4.295948508726999648e+01
2.719829687605533763e+01
1.039285439782135825e+02
-7.226002281450990949e+01
1.022256088180999427e+02
7.377955682897552947e+01
-9.625050712704913281e+01
7.611047804762333158e+01
-5.790731891808086118e+01
9.884630710807030596e+00
1.384262238794498785e+02
1.444635866557569841e+02
1.465895727349225410e+02
1.642348226202464616e+02
6.180613650573022255e+00
8.300818789141689535e+01
1.947612892730251133e+02
-7.956297448982226683e+00
1.903312494415657170e+02
1.915832674242678877e+02
-7.886448991872711645e+01
-8.945391585428542669e+01
1.700000745231517385e+01
9.222790236695709609e+01
7.226096346092310796e+01
5.566043942817765355e+01
1.192113516934461472e+02
-5.140377062015566167e+01
-9.770339457001927030e+01
-7.776214122138532048e+01
1.180278708435384090e+02
1.694432839835311029e+02
-1.585521751951688429e+00
6.364730940267475034e+01
4.313388602886536205e+01
-9.468284591723892163e+01
1.178103188335525431e+02
-6.789292466366215706e+01
-6.253473878057636881e+01
-3.648811860564526199e+01
6.509144048534471949e+01
1.791465006280672583e+02
1.080367106340704026e+02
2.803289336438388091e+01
1.069093782931154522e+02
1.595907797327149638e+02
6.870488454823666302e+01
1.399374910567732115e+02
1.334113694737589242e+02
1.094415330682197407e+01
1.231248677760820840e+02
5.364138354209450199e+01
1.441143587871073635e+02
9.368781979781641667e+01
-3.871156964435704850e+01
8.321518918288620625e+01
1.173448063064143696e+02
1.587749280427115082e+02
7.424530331324112353e+01
1.546995460164563667e+02
4.274287645204424280e+00
9.738569120493465903e+01
1.647249604627735380e+02
9.460409001668725182e+01
1.973263023528029976e+02
8.637476128281724641e+01
-2.215685375291238302e+01
4.262763821905033979e+01
-9.897772826889378450e+01
-8.086132346623728040e+01
8.270031806316762868e+01
-8.622107355523806405e+01
1.750092662358343318e+02
1.219118043388857870e+02
2.775590255486810065e+01
-2.049505753547005327e+01
-5.731344311126247248e+01
1.237154517154648659e+02
1.326425545282376959e+02
-1.822608367809367280e+01
-6.787492869437207332e+01
-9.059710452689772353e+01
-5.220247204990268131e+01
-3.766922567186972515e+01
-9.560759940372722099e+01
9.650926757071832185e+01
1.221598316426050133e+02
1.171420888050183180e+02
-8.974351718276324164e+00
-9.134543962896248104e+01
5.925961356066963504e+01
-9.202925099904678063e+01
1.646473186139724021e+01
1.737646665028861435e+02
-9.382286752575592459e+01
4.566913621369315024e+01
1.089493652895300215e+02
-5.403648799183474694e+01
1.987413858668244870e+02
2.814856377253900632e+01
1.282960746662504903e+02
6.560232699136548717e+01
1.355592459033830721e+01
-1.658992256869851190e-01
1.784860867515965879e+02
-3.960502494903812476e+01
-3.660257442811224138e+01
-4.786481913083520823e+01
-4.749626798475149059e+01
-7.537772595255255226e+00
1.247165097371367892e+01
-2.996761372028394987e+00
-4.219746645386567963e+01
6.869995940604063378e+00
1.774463788456858993e+01
2.668140117355477514e-02
-4.173548204486324664e+01
1.935258665102441000e+01
-2.067223458210747822e+00
-2.845181830481425322e+01
-2.436581650553149458e+01
-1.134471650924418640e+01
6.947186543545328163e+00
-2.607542684955184242e+01
-3.026645852347263244e+01
-6.155361953850416512e+00
-3.192430337071589364e+01
-1.980440942876125732e+01
1.347168333430128229e+01
1.808372604307437825e+01
-4.180390444623862578e+01
1.233013714975559338e+01
-4.086414633597837565e+01
-6.510835788989929540e+00
-2.782000268250028086e+01
-2.657845151264196559e+01
8.629590906652964577e+00
-4.754357276272018851e+01
1.386469165270231940e+01
-4.141198493178865903e+01
-4.709510886297448451e+01
-4.217840726652610783e+00
-2.445137193655479280e+01
1.862245374609926785e+00
-2.204942408656855690e+01
1.427040217636695729e+01
4.975120216084413016e+00
1.918717158190216310e+01
-2.212765230551703510e+01
-2.715930683516233302e+01
1.758937159600100131e+01
-1.876233027105609352e+01
-1.741835481725030377e+01
-3.776957370322003271e+01
-2.747483431125226616e+01
-2.246060269991387059e+01
-8.999896418104839313e+00
1.881906637285501915e+01
1.977169287345242310e+01
-3.638058848201545459e+01
8.837841300505260733e+00
-5.595093245739604981e+00
-2.567369115616413211e+01
-1.318975071102649821e+01
-1.260022192260034046e+01
1.173673573382386337e+01
1.243570746925851722e+01
1.792742136332725522e+01
-4.587605775897510796e+01
2.491335353173411704e-01
1.617317548468376742e+01
-2.957481115556161200e+01
-9.241283231626908901e+00
-4.971483284537427494e+01
-4.528152660194679413e+01
-2.421841647441731027e+00
-1.962848899954734350e+01
-3.158394192462990091e+01
-4.878317143736238393e+01
-3.479673187605800422e+01
-5.744427570724454313e+00
-4.192582582804740809e+01
-2.155946771234867398e+01
-1.817124765458048330e+01
-3.340305832236191463e+01
-1.353131073509567273e+01
-3.035587126780789191e+01
-4.114939931906391024e+01
-4.388414747687314588e+01
1.488267514456585161e+01
-2.333206321969877095e+01
9.726309060434445541e+00
-4.580061892653122868e+01
-3.526751107652998485e+01
7.256888157968234054e+00
-4.232329897727002077e+01
-1.081612501869571474e+01
1.624477785808622343e-01
-1.197711492349103679e+01
-3.836330928529927320e+01
-8.954689070664116457e+00
-3.519471149037643443e+01
-6.964380701258754414e+00
-3.966960176344760214e+01
-4.045522049861924074e+01
-1.370651982467271068e+01
-1.314805401339425117e+01
-1.062822035680862598e+01
9.962610412382957747e+00
-1.063495815395418731e+01
-8.713470536977972358e+00
-1.882001311749271721e+01
-1.326589227412328142e+01
1.311727717128577808e+01
-3.391577249210235578e+01
-2.554425090384772901e+01
2.188759256743090020e+00
-1.700144533502086830e+01
-3.230262688763494339e+01
1.329605006017033020e+01
-7.375436065490433180e+00
-2.021452223543789373e+01
-6.153440123670947060e+00
-4.990102446049516516e+01
-1.159356324769542113e+01
-4.244355925101405802e+01
-2.617910470306517468e+01
-3.332311356932044077e+01
-3.115822845381276096e+01
-1.595860882187002971e+01
-3.253304758308292577e+01
-6.393236232259553731e+00
-3.963330049688327961e+01
-2.091272604561457271e+01
-3.722084371312646311e+01
-3.146960955903101720e+01
-2.033929791862872705e+01
-2.334761015257847205e+01
-4.593879949657347339e+01
-3.509322811383292873e+01
-3.633573950711554090e+01
-2.100635212779450356e+01
-9.683678273477411835e-01
-1.782641712941604339e+00
1.987261185860411672e+01
-6.027532021187120392e+00
-3.480121801813830018e+01
7.647912040791020161e+00
-1.440092176226347931e+01
-3.977048334455418654e+01
1.125674513592907289e+01
-1.389742442866169370e+01
-4.466724053350124990e+01
1.959136567303804100e+01
-2.121774872916702037e+01
3.385783756129981725e+00
2.636322744764868276e+00
7.204840056754157729e+00
-1.571885922744681352e+01
-1.404398898942773855e+01
-3.555412822507816628e+01
2.279020526244025291e+00
-3.261323532335440234e+01
1.650186527260117941e+01
-2.680530268184549669e+01
-1.862374594720492382e+00
1.807530529290359311e+01
-3.842683472255339439e+01
-3.391514427910401253e+00
-1.193451576769631828e+01
-2.310469779286834324e+01
-2.490148774279102284e+01
-3.661528091677986652e+01
1.900877971976457559e+01
-2.754377979283861677e+01
-1.329693761522267437e+01
-1.875463941549385893e+01
-2.256902074265913427e+01
-1.724324323340820797e+01
-2.409289707911888456e+00
-9.888605024501430307e+00
7.847690588387010280e+00
-4.197518041566112146e+01
8.011637439035247610e+00
-2.992496258409757104e+01
-8.004632528530784441e+00
-3.454767002336079429e+01
-4.922032025299851199e+01
-1.942957871994867247e+01
-3.187897072090542849e+01
-2.224040538623172125e+01
-1.375295566163673300e+01
-1.548305172292827336e+01
1.776668650694229257e+01
1.495451753438565845e+00
-5.693702432261829927e+00
-3.063437323436482629e+01
-3.918584957694770310e+01
-4.640083041375822859e+01
-3.793775668187802808e+01
-2.062242412062860097e+01
-3.494232720227945066e+01
-2.974398206660906396e+01
-3.748663960316851274e+01
1.368555114171485343e+00
-8.564496578870262056e+00
-1.961184984293059586e+01
-3.846756816817240576e+01
5.382318728788959561e-01
3.820251672905712326e-01
-1.344223050603400083e+01
1.439201417676025585e+01
8.741096525537983553e-01
1.192060710094374087e+00
2.144216197054333861e-01
-1.384499206503765123e+01
-2.849139793788824804e+01
5.993059335755312134e+00
-3.963930427453914263e+01
-1.524201799742876062e+01
-3.056255222763096313e+01
-9.904905905978758085e+00
5.610760261178157293e+00
1.797972088521120781e+01
6.845197333846350318e+00
7.749814564726484889e+00
-4.304297706301466064e+01
-4.831703432852437885e+01
-4.064568263864804010e+01
-3.818194456810044812e+01
4.737804961869279907e+00
-1.969128738455034977e+01
-4.669773041725036933e+01
5.531360968884939666e-01
-4.911234777660659034e+01
-2.100229628376325763e+00
-1.509963625288900602e+01
-2.325214510893695063e+01
-4.316961138863911174e+01
6.760229157389993304e+00
-6.673460905927761644e+00
9.297168988656586919e+00
-3.428312384227241694e+01
-4.289557903222548418e+01
-1.714855511457022885e+01
1.530524295436076443e+01
-3.976322523152331456e+01
-8.735509102217669408e+00
-4.207860101880432069e+01
-3.701155458399880871e+01
-4.654805712536713713e-01
-3.446366117055038103e+01
-9.105805774582044876e+00
6.297448892058760350e+00
-6.338437193489419030e+00
-3.273889833580038555e+01
-2.510875591193083878e+01
2.072365633190713652e-01
1.198650731594274532e+01
7.150945836569086111e+00
-3.199893732131770818e+01
-8.074409013023924331e+00
-2.057769433201633547e+01
1.365734782089811716e+01
-3.660290555179707894e+01
2.972732310925543686e+00
5.043925483539076993e+00
-4.238323487989767102e+00
-4.724763850312945834e+01
-7.317353150299631181e+00
1.021141861771007342e+01
-1.447923561121419311e+01
-2.147367240277089806e+01
-1.296338337247715344e+01
1.338918852920472347e+01
-1.024450393639945389e+00
-1.880052298032399705e+01
1.528288317215009329e+01
-1.869493313565323689e+01
-4.875865462081782198e+01
5.157580150338141323e+00
-1.821641425757620425e+01
1.944825149951731191e+01
1.918444699888721061e+01
2.125765207630287534e+00
-8.282625313709687020e+00
-1.990022453855350903e+01
-2.889736851337639578e+01
6.630744280061598772e+00
-3.130405953085002579e+00
1.311396705937080753e+01
-4.654473647567522221e+01
-4.866531370046088512e+01
-3.326543721680481269e+01
4.250779193354873087e+00
-3.848373323395883006e+01
7.075820832532016880e+00
-1.708604260972990119e+01
-3.872094184374554970e+01
-3.042898283412974081e+01
6.603969320773551033e+00
7.695666876469296369e+00
-2.004233354107891074e+01
-3.533446054904811717e+01
1.539007978594845838e+00
-1.148260053347456022e+01
-1.616365380770504601e+01
-9.628416692921796027e+00
-3.213995955040591923e+01
1.572790138618194078e+01
-3.112990265785780863e+01
1.497694370189556423e+01
-2.953043772109705500e+01
-4.306053850027069529e+00
7.166648387999259739e+00
-2.808509651613320912e+01
-2.060247300148890659e+01
-2.576782700479569499e+01
8.190559036938488191e+00
-3.917208167572120203e+01
1.275797856128399133e+01
-1.170819906178770253e+01
6.095403685698741469e+00
-5.618948457967569254e+00
-3.666195151666415342e+01
1.858249575136176190e+01
-2.001550668044869496e+01
-3.953389000251192442e+01
1.356544749064669020e+01
-3.961114922296708585e+01
1.720397678652197726e+01
-7.786258216838497503e+00
1.590236011911160574e+01
-2.413394733783799495e+01
-3.268441732091844898e+01
-3.488629810123330088e+01
-4.139404831077719393e+00
-3.351609750409208743e+01
-7.635877648663822015e+00
-4.043320661108288050e+01
-4.041564685262205359e+01
-3.050771600670015360e+01
-2.647142600612103536e+01
1.086288195886069730e+01
-2.430076201473769970e+01
-2.754138008139342375e+01
-3.260818008353379582e+01
8.823375632080853848e+00
-1.038854452732160638e+01
-3.135617712561369075e+01
9.570336307937708398e+00
1.147399377956882205e+01
-2.469135199021847882e+01
-3.039347055126704333e+00
-6.190047057012606047e+00
-3.906439521411149940e+01
-2.049410403431813421e+01
6.207079548069962982e+00
-1.513998671159502152e+01
-2.356346699864560179e+01
-5.665497205380923162e+00
-4.487687098482562220e+01
-2.874387142359114833e+01
-3.836265497271460845e+01
-2.274762470410721349e+01
-2.901359778741271001e+01
-3.968878548029319120e+01
-9.067830379131819996e+00
-2.102904386261285907e+01
-2.146491135570592235e+01
1.745517260405262050e+01
-3.915856970239186552e+01
-1.118622621474095524e+01
-1.454318546087700526e+01
9.114255028034172312e+00
-2.505449247453555728e+01
1.834937275720129435e+01
-2.746036934609372082e+01
-2.038886578791765203e+01
-3.164789481596112353e+01
-2.828666625946610225e+01
1.793840113181674667e+01
-2.079131140737128192e+01
-2.164161020278990577e+01
-2.999939906107585941e+01
-3.278212530788300683e+01
-5.784022042158113663e+00
-2.693564167714825075e+01
-3.244249001388949694e+01
-2.245722365836443046e+01
-2.734946488801988451e+01
1.664597004940036129e+01
-2.209463876425903450e+01
-3.676906138130083690e+01
-4.974836017182678916e+01
-3.153859419906521566e+01
-5.474454394351454312e+00
1.420014825280603077e+01
-4.650979319112954613e+01
-4.443930647492773289e+01
-2.389698370240281378e+01
-7.727737964142562532e-01
1.010413214752862388e+01
-4.458911068791544352e+01
-4.845602166585698711e+01
-1.704729431569653286e+00
-2.453889936796796434e+01
-4.421725859223727895e+01
-3.297763977861417573e+01
-4.500752956759740186e+01
4.603966608099341329e-01
-4.138325067517338596e+01
-2.370422864087186809e+01
-2.222873548324088233e+00
-4.246165476760129565e+01
1.196688318450284072e+01
1.436044203728840785e+01
-3.456113789903191957e+01
-2.532339241337972169e+00
-4.283549746520655788e+01
-4.064836731508644618e+01
-1.233977357422751453e+01
-1.982874407660107252e+01
-8.345995424004158281e+00
-1.450877160070832872e+01
-3.008827234859878175e+01
-1.717721005250400168e+01
-4.169143235368458988e+00
-3.754190625031534267e+01
-2.049324822529630552e+01
-1.617235362667319265e+01
-4.568318842030651439e+01
-1.503349807587227360e+00
-4.147758330224532131e+01
-7.827011219249790486e+00
-1.998837897879921854e+01
-8.604373572324277575e-01
1.107936417275675467e+01
-5.492217951680665067e+00
-4.012384004292013628e+01
6.978484525946377914e+00
-4.803126116399266721e+01
-1.999043338468157316e+01
-9.642350446746227988e+00
-4.974980115537404401e+01
-4.780516812990734365e+01
7.325501881684587602e+00
-1.363528263127984985e+01
-2.530268530366327084e+01
3.362701765193989445e+00
-2.386376186085866991e+01
8.224428954299668248e+00
-2.277287470900997945e+01
-8.503392092307215933e+00
1.765217258903057029e+01
-2.557593357059914752e+00
-3.372486754049027979e+01
-5.270259131455588886e+00
7.326983496361094694e+00
-3.489147582512607926e+01
-3.018081842295170247e+01
-3.121546107971234107e+01
1.736729729963339253e+01
-4.208715339288497148e+01
-4.804673805860702629e+01
-1.400749088647629037e+01
-1.380754077427134519e+00
-6.972298994922141446e+00
-4.739870513454219747e+01
-1.846674717027631019e+01
-4.997797174932163244e+01
6.964999679084250772e+00
-1.720203759958957335e+01
-2.981259517232058087e+01
-1.466522441249082931e+01
-2.386876175046692339e+01
3.183394747216318876e+00
-3.848942816396904476e+01
-1.247508160559095813e+01
-1.050642710420044779e+01
-4.806510042414207362e+01
1.364615505541605955e+01
1.841862067332087349e+00
-4.318381099732327044e+01
-4.696571774719611625e+01
1.817630630749897591e+01
-8.179257693290999498e+00
1.720058528817264687e+01
-4.471612024639133409e+01
1.855967919144062250e+01
-4.907613920652888595e+01
-4.559321912750697692e+01
-3.491058304737042306e+01
-4.956316816451940355e+01
-3.466904806743232825e+01
-4.824611066417167393e+01
-3.273654206502810382e+01
1.256057949391644257e+01
-3.665207751807455594e+01
-9.441138713794273940e+00
-7.311759716305395784e+00
-7.633603202632102125e+00
-1.084658507840434538e+01
-4.574217358170738379e+01
-2.882380077088125958e+01
1.694408363336722800e+01
-2.704714713450201558e+01
-2.377911353783804316e+01
8.278140999832075408e+00
-4.465692988611803571e+01
1.298214504009302317e+01
2.547387337086348680e-02
-9.344481289747669450e+00
1.737703503294895313e+00
3.157588443090752151e+00
1.947201095409296556e+01
-3.353445144430810387e+01
-4.902025188484191887e+01
-1.949251805743372756e-01
-4.620894704308667400e+01
9.273357822651483673e+00
-7.405122842100588798e+00
-6.333532281151462939e+00
-2.667470416143985545e+01
-8.544070064107749829e+00
-4.305113831735928898e+01
-3.165588590428165716e+01
-2.960645292917258331e+01
-4.590846632432417351e+01
-1.187547454611272713e+01
-2.616964538496608839e+01
-1.368063697360369702e+00
-1.491646484285845276e+01
1.608116026489064154e+00
-3.518042382154334291e+00
-2.094532878595829573e+01
-3.494379577310235163e+01
-7.903231619412167674e+00
-3.027632018346216114e+01
-3.930299516694029904e+01
5.277502684472800354e+00
-2.043635169837099497e+01
1.532510636122214009e+01
-4.022480667926323861e+00
-2.739523976678334805e+01
1.653733176000362448e+01
-4.869258421628373412e+01
-4.655207896707359083e+01
2.058990764983413158e+00
-2.385819398560746762e+01
-1.312864201589405155e+01
-1.054035987519250028e+01
-1.121823141664847867e+01
2.111246991246268578e+00
-2.683469363116746820e+01
7.879996015331457215e+00
1.774144076953108140e+01
-1.845407002725330514e+01
-3.328325733275768528e+01
-1.557585886725009772e+01
1.545121146600776285e+01
1.558295838144414347e+01
3.318221658665720497e+00
6.515081479326646274e+00
1.947931280233653695e+01
-4.027913706117382731e+01
-2.536452535634448680e+01
-3.891250882792897414e+01
-5.633408564666005702e+00
2.504458690903284435e+00
-3.099165985987542982e+01
-2.041282881024481100e+01
-1.626557272674094889e+01
-2.083784220993277714e+01
1.709723646516222573e+01
-3.031500010617690677e+01
-2.290234597909557479e+01
-2.645721734853346163e+01
1.646755912900688656e+01
-1.378903331044854497e+01
-2.406188386141761981e+01
-4.099033512552140479e+01
1.793323954060568326e+00
-4.674427242656568637e+01
1.899449551828455185e+01
-1.867138916640436719e+01
-2.156370790561598483e+01
1.396278232169955658e+01
1.756284295202551959e+01
-3.435144966824966417e+01
-6.627200956700434631e+00
-1.620514296210067329e+01
-1.760888537694013678e+01
-3.781815601668141369e+01
-2.734345217980494525e+01
-4.375786103032079666e+01
-4.087985532142393197e+01
1.573220019186642560e+01
-2.709691702255651080e+01
-2.610028805125011786e+00
1.942847518117072525e+01
-5.660622777217909629e+00
1.145667869381659898e+01
-1.824255208689687180e+01
-2.675499305734497923e+01
-2.754031125513068545e+01
1.882370163952562336e+01
5.174823230471112367e+00
-4.766176128560711334e+01
1.646382397794661756e+01
9.290854434615582136e+00
2.029151758921443616e+00
1.972583137040371071e+01
1.959142523761434518e+01
9.553528945454438315e+00
-6.062584538641530685e+00
-4.246181002612367195e+01
-1.197592486700180103e+01
-2.909585199848507031e+01
-3.674715149070736686e+01
-2.778549840014945360e+01
-3.674014457496920727e+01
1.488558342366428633e+01
1.918588417043956440e+01
-4.820512021464732300e+01
-4.982953827551703796e+00
-1.197679135234189829e+01
-3.585209255429163022e+01
-2.267219712998157632e+01
-5.700736797497690134e+00
-2.607248739361394740e+01
-4.547809219710500628e+01
8.479182011562578225e+00
-5.500791642745532783e+00
-3.248201124981575560e+01
1.382709997369428834e+01
1.563565235900779271e+01
-2.670668066234239646e+01
3.727086618657367012e-01
-3.166686569553394293e+01
-4.040902415730913333e+01
-4.505825539898265930e+01
-2.738177381555953360e+01
-4.717748726558411931e+00
-1.609447186494572435e+01
-1.663005392574888219e+00
-1.278144865872690161e+00
-1.308899329761536023e+01
-3.272662211679563171e+01
-3.463423024478630907e+01
-1.539713224252176360e+01
1.351162340521646854e+01
1.966511806418762376e+01
-2.334982937295833239e+01
-4.217871748089363138e+01
-4.317926234608940206e+01
1.287517948963542835e+01
-4.151737417762340954e+00
-1.086148338315079087e+01
-4.013276466802089715e+00
1.037838775138870062e+01
-8.916366523935813859e+00
-2.328297002527245851e+01
-4.960420632569638855e+01
-1.345252791034226902e+01
-3.149859984502581511e+01
-2.370677421044741706e+01
-1.371002415546993092e+01
1.418238295522539261e+01
-9.143096841323675505e+00
-2.253815955519392844e+01
-3.633391056371866057e+01
1.138126320847674577e+01
-8.968605283674833117e-01
-4.730473037114953883e+01
-2.921347628918586281e+01
-3.138779705788159902e+01
-4.242265773566360565e+01
-4.647847642121499234e+01
-1.215085968576229192e+01
-4.568139975427254029e+01
-4.027577418033159518e+01
-1.948321211092646976e+01
-1.739280761153117538e+01
-3.716031312055104507e+01
-3.028022665331751639e+01
-3.390147991576085929e+01
1.276676795270496001e+01
1.692653373860881061e+01
6.109882435653453570e+00
1.789649843515630323e+01
6.280269288056565813e+00
-2.879853707189312217e+01
-2.208629586131192113e+01
-4.573622396662206313e+01
-4.144551481303747664e+01
-1.161493604836294935e+00
-4.983419278201890990e+01
-3.986958816385411808e+01
1.765513678629996264e+01
-4.506718327427506665e+01
7.759622565219800094e+00
-4.541264995759917156e-01
-2.311883215062317731e+01
-1.104857138082537915e+01
-2.686123483574317916e+01
1.762527531178511708e+01
3.681576971956701527e-01
-3.080252993786292492e+01
-1.464317744607672722e+01
-1.210707801455359345e+01
-1.952165602550749313e+01
-1.594370950868307091e+01
-3.140951030877636896e+01
-2.196521817231959162e+01
-2.361982813856843677e+01
-1.991090280235465215e+01
-7.104833230964949564e+00
4.477515298372090058e+00
-4.011573863155510367e+01
-2.797245078029141396e+01
-4.121367047201706413e+01
-3.110211544820346319e+01
-7.949089719236702933e+00
-4.598976359596069585e+01
1.131203906161628936e+01
8.454380248236255113e+00
1.967062980153279739e+01
-3.014243082440968635e+01
1.251719615187975165e+01
3.770280571045475426e+00
-1.762279170352469038e+01
7.100668420689544291e+00
-3.750948556829227698e+01
2.991791702752763626e+00
-4.320181710384575524e+01
1.112604523140387869e+01
2.189021720783472347e+00
-2.873983003991948948e+01
-3.544636613598377295e+01
-6.336470647096220432e+00
-6.252864715837539222e+00
-3.237001578487325304e+01
-4.775001127214903107e+01
-4.621929374691496406e+01
-1.432933294251520806e+01
-3.814371269722715851e+01
-7.848756224627308598e+00
-4.419607928239441463e+01
-8.350195354856786878e+00
-3.059019116195958077e+01
-3.372230668797733699e+00
-4.543876012137567244e+01
-3.446523861654420529e+01
-1.138649780142356605e+01
-4.305093929120009477e+01
1.442231771247158179e+01
-2.636325019398823599e+01
1.993769532722444637e+01
-3.369403148010873394e+01
-1.998790884336321838e+01
-1.003335063036205099e+01
1.048615859834896469e+00
-4.934563012431262763e+01
-4.650380212937591295e+00
1.234752127725761284e+01
-7.257813815221183518e+00
-3.780358337118607892e+01
4.641467297458753194e+00
-1.111761072616021551e+01
5.616356617051181388e+00
-9.182289372756599732e+00
-5.291661095800385795e+00
-1.052731689284173910e+01
-1.324208658279474093e+00
-2.358916510801370592e+01
-3.118061729564839268e+01
-4.975695764161241641e+01
-3.509441319382530367e+01
1.624731497093354449e+01
7.791890448855838258e-01
1.222103742651275127e+01
-2.505886131525912219e+01
-2.760629152548140297e+01
-4.435749847738456708e+01
-4.507537381880864302e+01
1.842191447180174180e+01
-1.313759337641762670e+01
-7.270236623417716260e-01
1.014691979339303174e+01
-4.407411984447207232e+01
-8.897483870284631280e+00
-2.217015228023092988e+01
-4.243053828828152518e+01
-2.299854995856590278e+01
-1.953314488310863339e+01
1.746912975435282078e+01
-6.259305371095976511e+00
-3.394808990749645261e+01
-5.840192680186142127e+00
1.424329556063101165e+01
-6.385950991031606350e+00
-3.113142961347816495e+01
-3.901379174460416266e+01
2.764507257857587774e+00
-2.434903373452092268e+01
-2.695051299733707495e+01
1.631129216875763177e+00
-2.348853030267335740e+01
-1.060991773172210628e+01
-3.451452567248312420e+01
-4.264921802250872673e+01
-4.684089014912260041e+01
1.584571838709409519e+01
-1.749299335277264333e+00
-4.703086047886065302e+01
9.930262481413578257e+00
-9.375853610276784877e+00
-4.533444887443026516e+01
-2.218222292449861754e+01
-2.554378991294150580e+01
-4.932768687441857480e+00
5.775362202511971077e+00
-3.418013433054625949e+01
-6.932977998438936140e+00
2.993707062630008409e+00
-3.893231825216042807e+01
-2.392630620089177995e+01
-3.533619161128586939e+01
-9.572151538063195630e+00
1.993902734357163808e+00
-3.396528397845823122e+01
-3.127067766650133507e+01
-3.967579049556611892e+01
-1.244511459469720194e+00
-3.085265400444752615e+01
-3.494848330226051303e+01
-2.744675363492635611e+01
-9.239785582042316037e+00
-3.876384418763669970e+01
1.559451076079146503e+01
-1.551864255460298381e+01
-4.990350215336164297e+01
1.191383834905650474e-01
-4.396191922615371794e+01
-1.695544338493620273e+01
3.809118021775041996e+00
-3.868437073231417855e+01
-1.429490475335727950e+01
6.573708182597250982e+00
-1.995577262901273841e+01
-2.393548018005074951e+01
-3.610537072545283621e+01
-2.962717768723456047e+01
1.300507691567877089e+01
3.827165732147683741e+00
1.617178916199549121e+01
1.283395479770509695e+01
-5.206561068873355680e+00
-4.720502500304139915e+01
5.667208130584477033e+00
-2.121727811355953008e+01
-4.256883415976917462e+01
1.856234571185014204e+01
-4.356339394067266824e+01
-4.260931358117441903e+01
-2.881302639377879515e+01
6.534835425072458293e-01
1.291519681326484204e+00
-2.626867710666924438e+01
-4.248444972260088548e+00
-4.066085573726769553e+01
-2.576166235530604709e+01
-7.128837123597520531e+00
-1.406750859516368024e+01
-1.653531391230367120e+01
-4.005042729034437343e+01
1.759151440155066837e+01
-2.413236268029222131e+01
4.174297473466197061e+00
-3.022281241526525264e+01
5.443033158214483080e+00
1.232124809554141365e+01
7.522570661059276631e+00
3.370106810177851742e+00
1.924677147960828449e+01
9.125512381498076309e+00
-4.861820687808427977e+01
-1.597628993148046561e+01
1.536837540865512608e+01
-2.271710912282825845e+01
1.563218543169135444e+01
6.991183123164304902e+00
4.803974762842528889e-01
-4.574498979201840143e+01
-4.915586685254184829e+01
-3.190910813462870621e+01
4.159083003153511982e-01
1.934436016676042414e+01
1.259665042046194117e+00
-4.296937684670438529e+01
1.684235121718252515e+01
-3.364616819491833155e+01
-1.615377308552138658e+01
8.260466685684740185e+00
-3.113101885613693298e+01
-4.366870328325720152e+01
-4.624285645947590950e+01
-1.491448064197845724e+01
1.236732089643501808e+01
-2.875798820370092557e+01
1.187198145040083830e+01
1.192317907197995908e+01
5.624358879928173849e+00
-2.343076971346393123e+01
-3.607359921966176586e+01
-1.754401327261838617e+00
-2.121764509131561383e+01
-5.097738217859877352e+00
1.742161695499265761e+01
-2.774167354324197277e+01
-6.445925303196034406e+00
-3.528562608391037259e+01
-2.822623931847452994e+01
-2.680884923653355756e+01
-4.405442148082869380e+01
-3.259206893193291421e+01
-2.772217216341605805e+01
-2.802557721555576364e+01
5.466816467371913291e-01
1.180179343031405637e+01
-5.353665443558568882e+00
-1.727835011821856170e+01
-3.606915502714358723e+01
-8.609107235860513185e+00
-2.575273771259100286e+01
-2.545228383185571275e+01
-2.226156231144869935e+00
-2.196707776832320036e+01
-1.657428205874637683e+00
8.749170411966176175e+00
5.904840540917589919e+00
-5.562450437778387879e+00
7.807311303369459665e-01
1.370778338979878441e+01
1.643958201618281123e+01
-4.721965057104430485e+01
-4.959731207199060776e+01
-4.189820659436784211e+01
1.349281212682146958e+01
-8.913093061759077784e+00
8.800207434718672062e+00
1.421012515341020332e+01
-1.509258664925595639e+01
-9.641717774191711499e+00
9.656558795582434129e+00
1.566276703665593573e+01
-4.980990814933801403e+01
-4.559534954307410715e+01
2.812667922250568608e+00
1.170309641255092714e+01
-4.783551117884606896e+01
-4.998209398516759450e+01
8.392456286219491801e+00
-3.439324880995864930e+01
3.536515739199685981e-01
-4.950202354639532842e+01
-2.187733366817722214e+01
-3.656583866633845759e+01
1.658860442504808930e+01
3.331744688015341183e+00
-1.155747388318177116e+01
-4.227091017154847918e+01
7.731755881186550994e+00
-1.926717472747551696e+01
6.576242408257037653e+00
-2.233052662712725578e+01
4.453534667601886099e-01
-4.065903305830354242e+01
-2.680177559058370562e+01
-4.866652066985341207e+01
-2.466241210534552408e+01
-3.553472281886667616e+01
-4.574980722299434888e+01
3.382327520815898936e+00
-4.091627693668316113e+01
-4.834998165979643403e+01
-2.668093480400509065e+01
-3.832545325384747059e+01
-2.686285554844737433e+01
-2.706237205989044270e+01
-3.462913284546645798e+01
-2.453523605523173501e+00
-3.754244423787676510e+01
-4.837545735632603794e+01
-3.103456181788352808e+01
-4.181143726200899380e+01
1.158732850213301901e+01
-4.307514215717598915e+01
-4.969641205635454639e+01
-4.691438750029368521e+01
-1.353316544066133531e+01
1.742826338111792950e+01
-4.175492149656661667e+01
-3.817012706576976910e+01
1.168574110029252466e+01
9.826740216530524208e+00
9.300000000000000000e+01
9.200000000000000000e+01
9.300000000000000000e+01
8.700000000000000000e+01
8.700000000000000000e+01
8.800000000000000000e+01
1.110000000000000000e+02
1.140000000000000000e+02
1.140000000000000000e+02
1.200000000000000000e+02
1.070000000000000000e+02
1.120000000000000000e+02
8.000000000000000000e+01
1.060000000000000000e+02
9.500000000000000000e+01
1.080000000000000000e+02
1.120000000000000000e+02
1.080000000000000000e+02
1.130000000000000000e+02
1.060000000000000000e+02
1.130000000000000000e+02
9.100000000000000000e+01
1.020000000000000000e+02
9.100000000000000000e+01
1.170000000000000000e+02
1.090000000000000000e+02
9.000000000000000000e+01
1.040000000000000000e+02
9.700000000000000000e+01
9.600000000000000000e+01
1.120000000000000000e+02
1.040000000000000000e+02
1.110000000000000000e+02
1.040000000000000000e+02
1.090000000000000000e+02
1.100000000000000000e+02
1.160000000000000000e+02
1.130000000000000000e+02
9.300000000000000000e+01
1.060000000000000000e+02
1.070000000000000000e+02
1.130000000000000000e+02
1.010000000000000000e+02
8.300000000000000000e+01
8.600000000000000000e+01
1.170000000000000000e+02
9.600000000000000000e+01
8.000000000000000000e+01
1.140000000000000000e+02
9.300000000000000000e+01
9.500000000000000000e+01
1.000000000000000000e+02
1.140000000000000000e+02
8.700000000000000000e+01
9.300000000000000000e+01
8.700000000000000000e+01
1.050000000000000000e+02
1.020000000000000000e+02
1.030000000000000000e+02
1.160000000000000000e+02
9.600000000000000000e+01
1.150000000000000000e+02
8.100000000000000000e+01
1.010000000000000000e+02
1.080000000000000000e+02
8.800000000000000000e+01
1.090000000000000000e+02
1.200000000000000000e+02
1.200000000000000000e+02
9.200000000000000000e+01
1.140000000000000000e+02
1.090000000000000000e+02
8.300000000000000000e+01
8.900000000000000000e+01
8.000000000000000000e+01
8.900000000000000000e+01
1.140000000000000000e+02
9.700000000000000000e+01
1.010000000000000000e+02
1.190000000000000000e+02
9.300000000000000000e+01
9.000000000000000000e+01
8.700000000000000000e+01
9.300000000000000000e+01
8.100000000000000000e+01
9.700000000000000000e+01
8.100000000000000000e+01
9.000000000000000000e+01
1.090000000000000000e+02
1.050000000000000000e+02
1.000000000000000000e+02
1.130000000000000000e+02
1.130000000000000000e+02
8.100000000000000000e+01
1.180000000000000000e+02
8.000000000000000000e+01
8.000000000000000000e+01
1.070000000000000000e+02
1.060000000000000000e+02
1.050000000000000000e+02
9.100000000000000000e+01
1.070000000000000000e+02
8.800000000000000000e+01
8.700000000000000000e+01
9.800000000000000000e+01
1.060000000000000000e+02
1.080000000000000000e+02
1.010000000000000000e+02
8.700000000000000000e+01
8.600000000000000000e+01
9.400000000000000000e+01
8.300000000000000000e+01
1.030000000000000000e+02
1.190000000000000000e+02
1.140000000000000000e+02
8.800000000000000000e+01
8.600000000000000000e+01
8.700000000000000000e+01
1.090000000000000000e+02
1.140000000000000000e+02
1.170000000000000000e+02
1.100000000000000000e+02
9.500000000000000000e+01
8.900000000000000000e+01
1.080000000000000000e+02
1.150000000000000000e+02
9.100000000000000000e+01
1.090000000000000000e+02
1.020000000000000000e+02
1.090000000000000000e+02
8.000000000000000000e+01
1.110000000000000000e+02
1.130000000000000000e+02
1.090000000000000000e+02
8.800000000000000000e+01
1.010000000000000000e+02
9.500000000000000000e+01
8.600000000000000000e+01
8.800000000000000000e+01
1.160000000000000000e+02
9.100000000000000000e+01
1.040000000000000000e+02
1.130000000000000000e+02
1.130000000000000000e+02
8.200000000000000000e+01
8.800000000000000000e+01
1.020000000000000000e+02
1.150000000000000000e+02
1.170000000000000000e+02
9.000000000000000000e+01
1.200000000000000000e+02
1.140000000000000000e+02
1.130000000000000000e+02
9.200000000000000000e+01
9.100000000000000000e+01
8.900000000000000000e+01
1.100000000000000000e+02
1.170000000000000000e+02
1.150000000000000000e+02
1.000000000000000000e+02
9.500000000000000000e+01
8.700000000000000000e+01
1.030000000000000000e+02
8.600000000000000000e+01
8.900000000000000000e+01
8.400000000000000000e+01
1.160000000000000000e+02
9.400000000000000000e+01
1.170000000000000000e+02
1.040000000000000000e+02
9.600000000000000000e+01
9.200000000000000000e+01
1.100000000000000000e+02
8.500000000000000000e+01
8.700000000000000000e+01
9.500000000000000000e+01
1.070000000000000000e+02
9.700000000000000000e+01
1.070000000000000000e+02
1.140000000000000000e+02
1.100000000000000000e+02
1.110000000000000000e+02
1.140000000000000000e+02
8.800000000000000000e+01
9.800000000000000000e+01
1.030000000000000000e+02
1.030000000000000000e+02
1.170000000000000000e+02
1.060000000000000000e+02
8.700000000000000000e+01
1.160000000000000000e+02
1.030000000000000000e+02
9.100000000000000000e+01
8.800000000000000000e+01
1.100000000000000000e+02
9.900000000000000000e+01
1.190000000000000000e+02
9.100000000000000000e+01
1.010000000000000000e+02
1.140000000000000000e+02
8.200000000000000000e+01
9.900000000000000000e+01
1.160000000000000000e+02
1.030000000000000000e+02
9.700000000000000000e+01
1.200000000000000000e+02
9.200000000000000000e+01
8.600000000000000000e+01
1.180000000000000000e+02
1.000000000000000000e+02
9.100000000000000000e+01
9.600000000000000000e+01
8.100000000000000000e+01
1.040000000000000000e+02
1.000000000000000000e+02
1.080000000000000000e+02
8.800000000000000000e+01
9.200000000000000000e+01
8.500000000000000000e+01
1.080000000000000000e+02
1.190000000000000000e+02
8.000000000000000000e+01
8.700000000000000000e+01
1.060000000000000000e+02
8.100000000000000000e+01
8.600000000000000000e+01
1.050000000000000000e+02
1.030000000000000000e+02
8.600000000000000000e+01
9.400000000000000000e+01
9.900000000000000000e+01
1.060000000000000000e+02
1.130000000000000000e+02
8.300000000000000000e+01
8.400000000000000000e+01
8.200000000000000000e+01
8.000000000000000000e+01
9.000000000000000000e+01
9.700000000000000000e+01
8.500000000000000000e+01
1.140000000000000000e+02
1.110000000000000000e+02
8.600000000000000000e+01
1.000000000000000000e+02
9.600000000000000000e+01
1.020000000000000000e+02
1.190000000000000000e+02
1.120000000000000000e+02
9.300000000000000000e+01
1.090000000000000000e+02
9.400000000000000000e+01
1.040000000000000000e+02
1.110000000000000000e+02
1.070000000000000000e+02
1.020000000000000000e+02
1.050000000000000000e+02
1.070000000000000000e+02
1.050000000000000000e+02
9.900000000000000000e+01
9.700000000000000000e+01
1.010000000000000000e+02
8.600000000000000000e+01
8.800000000000000000e+01
8.600000000000000000e+01
1.190000000000000000e+02
9.900000000000000000e+01
1.180000000000000000e+02
8.300000000000000000e+01
8.100000000000000000e+01
1.120000000000000000e+02
1.160000000000000000e+02
9.000000000000000000e+01
8.000000000000000000e+01
8.900000000000000000e+01
1.120000000000000000e+02
1.200000000000000000e+02
1.000000000000000000e+02
9.900000000000000000e+01
1.010000000000000000e+02
8.800000000000000000e+01
1.090000000000000000e+02
8.300000000000000000e+01
1.150000000000000000e+02
1.170000000000000000e+02
9.100000000000000000e+01
1.200000000000000000e+02
9.300000000000000000e+01
1.090000000000000000e+02
9.100000000000000000e+01
9.700000000000000000e+01
1.070000000000000000e+02
1.170000000000000000e+02
9.500000000000000000e+01
1.140000000000000000e+02
1.120000000000000000e+02
1.060000000000000000e+02
1.130000000000000000e+02
9.200000000000000000e+01
8.600000000000000000e+01
1.070000000000000000e+02
8.400000000000000000e+01
1.040000000000000000e+02
1.030000000000000000e+02
8.000000000000000000e+01
1.110000000000000000e+02
8.700000000000000000e+01
8.500000000000000000e+01
9.200000000000000000e+01
1.040000000000000000e+02
1.130000000000000000e+02
8.700000000000000000e+01
8.000000000000000000e+01
9.000000000000000000e+01
8.700000000000000000e+01
9.000000000000000000e+01
1.180000000000000000e+02
9.900000000000000000e+01
8.100000000000000000e+01
8.200000000000000000e+01
9.900000000000000000e+01
9.300000000000000000e+01
1.200000000000000000e+02
1.120000000000000000e+02
1.120000000000000000e+02
1.190000000000000000e+02
1.160000000000000000e+02
9.800000000000000000e+01
8.500000000000000000e+01
1.160000000000000000e+02
8.600000000000000000e+01
8.700000000000000000e+01
1.050000000000000000e+02
1.000000000000000000e+02
9.400000000000000000e+01
8.700000000000000000e+01
1.010000000000000000e+02
1.170000000000000000e+02
1.090000000000000000e+02
1.080000000000000000e+02
9.000000000000000000e+01
9.900000000000000000e+01
9.100000000000000000e+01
1.100000000000000000e+02
8.300000000000000000e+01
9.100000000000000000e+01
8.500000000000000000e+01
8.800000000000000000e+01
1.190000000000000000e+02
9.400000000000000000e+01
1.170000000000000000e+02
1.180000000000000000e+02
8.400000000000000000e+01
1.020000000000000000e+02
9.500000000000000000e+01
9.500000000000000000e+01
1.080000000000000000e+02
9.800000000000000000e+01
1.180000000000000000e+02
9.600000000000000000e+01
1.200000000000000000e+02
8.500000000000000000e+01
9.800000000000000000e+01
9.200000000000000000e+01
1.050000000000000000e+02
9.800000000000000000e+01
8.300000000000000000e+01
9.000000000000000000e+01
1.180000000000000000e+02
9.300000000000000000e+01
9.200000000000000000e+01
1.180000000000000000e+02
1.200000000000000000e+02
8.800000000000000000e+01
1.190000000000000000e+02
9.500000000000000000e+01
1.150000000000000000e+02
8.400000000000000000e+01
1.090000000000000000e+02
1.200000000000000000e+02
9.100000000000000000e+01
1.110000000000000000e+02
1.130000000000000000e+02
8.900000000000000000e+01
1.000000000000000000e+02
8.500000000000000000e+01
8.200000000000000000e+01
8.100000000000000000e+01
8.000000000000000000e+01
1.200000000000000000e+02
1.010000000000000000e+02
9.400000000000000000e+01
1.000000000000000000e+02
1.180000000000000000e+02
9.800000000000000000e+01
8.500000000000000000e+01
1.030000000000000000e+02
9.800000000000000000e+01
8.400000000000000000e+01
8.900000000000000000e+01
9.900000000000000000e+01
8.500000000000000000e+01
8.200000000000000000e+01
1.060000000000000000e+02
9.300000000000000000e+01
1.150000000000000000e+02
1.090000000000000000e+02
1.040000000000000000e+02
8.900000000000000000e+01
1.120000000000000000e+02
9.600000000000000000e+01
1.140000000000000000e+02
9.700000000000000000e+01
8.900000000000000000e+01
1.080000000000000000e+02
9.500000000000000000e+01
1.090000000000000000e+02
1.100000000000000000e+02
8.300000000000000000e+01
9.200000000000000000e+01
9.000000000000000000e+01
9.300000000000000000e+01
1.010000000000000000e+02
8.900000000000000000e+01
9.900000000000000000e+01
9.700000000000000000e+01
1.140000000000000000e+02
8.300000000000000000e+01
8.800000000000000000e+01
1.110000000000000000e+02
8.000000000000000000e+01
8.200000000000000000e+01
1.170000000000000000e+02
9.900000000000000000e+01
1.130000000000000000e+02
1.170000000000000000e+02
8.900000000000000000e+01
1.040000000000000000e+02
8.000000000000000000e+01
1.070000000000000000e+02
1.060000000000000000e+02
1.080000000000000000e+02
1.070000000000000000e+02
1.150000000000000000e+02
1.000000000000000000e+02
8.800000000000000000e+01
1.160000000000000000e+02
1.040000000000000000e+02
1.130000000000000000e+02
9.700000000000000000e+01
1.150000000000000000e+02
8.300000000000000000e+01
8.200000000000000000e+01
9.100000000000000000e+01
9.800000000000000000e+01
8.800000000000000000e+01
1.110000000000000000e+02
1.100000000000000000e+02
9.400000000000000000e+01
8.700000000000000000e+01
1.120000000000000000e+02
8.700000000000000000e+01
9.900000000000000000e+01
9.000000000000000000e+01
9.000000000000000000e+01
1.010000000000000000e+02
1.130000000000000000e+02
8.600000000000000000e+01
9.700000000000000000e+01
1.130000000000000000e+02
8.700000000000000000e+01
1.030000000000000000e+02
8.100000000000000000e+01
9.100000000000000000e+01
1.060000000000000000e+02
8.100000000000000000e+01
1.110000000000000000e+02
1.120000000000000000e+02
1.180000000000000000e+02
9.700000000000000000e+01
8.700000000000000000e+01
8.800000000000000000e+01
1.020000000000000000e+02
1.040000000000000000e+02
9.400000000000000000e+01
8.200000000000000000e+01
1.030000000000000000e+02
1.190000000000000000e+02
9.200000000000000000e+01
1.140000000000000000e+02
1.200000000000000000e+02
9.500000000000000000e+01
8.600000000000000000e+01
1.150000000000000000e+02
9.200000000000000000e+01
8.900000000000000000e+01
9.500000000000000000e+01
1.200000000000000000e+02
8.700000000000000000e+01
8.800000000000000000e+01
1.170000000000000000e+02
1.070000000000000000e+02
8.500000000000000000e+01
9.200000000000000000e+01
1.200000000000000000e+02
1.100000000000000000e+02
8.300000000000000000e+01
9.100000000000000000e+01
1.110000000000000000e+02
9.000000000000000000e+01
9.900000000000000000e+01
1.010000000000000000e+02
1.130000000000000000e+02
9.800000000000000000e+01
1.040000000000000000e+02
8.300000000000000000e+01
8.300000000000000000e+01
8.000000000000000000e+01
9.700000000000000000e+01
9.200000000000000000e+01
1.130000000000000000e+02
8.200000000000000000e+01
1.200000000000000000e+02
9.300000000000000000e+01
9.900000000000000000e+01
1.080000000000000000e+02
1.040000000000000000e+02
1.180000000000000000e+02
1.120000000000000000e+02
1.000000000000000000e+02
1.130000000000000000e+02
1.180000000000000000e+02
9.600000000000000000e+01
1.090000000000000000e+02
9.700000000000000000e+01
8.800000000000000000e+01
1.180000000000000000e+02
1.070000000000000000e+02
1.060000000000000000e+02
1.080000000000000000e+02
9.500000000000000000e+01
1.000000000000000000e+02
1.100000000000000000e+02
8.300000000000000000e+01
1.100000000000000000e+02
1.120000000000000000e+02
1.030000000000000000e+02
1.190000000000000000e+02
1.020000000000000000e+02
1.000000000000000000e+02
9.000000000000000000e+01
1.120000000000000000e+02
1.150000000000000000e+02
9.700000000000000000e+01
1.070000000000000000e+02
9.700000000000000000e+01
1.070000000000000000e+02
8.900000000000000000e+01
8.500000000000000000e+01
9.500000000000000000e+01
1.110000000000000000e+02
1.030000000000000000e+02
1.160000000000000000e+02
1.180000000000000000e+02
1.000000000000000000e+02
9.900000000000000000e+01
9.300000000000000000e+01
1.030000000000000000e+02
9.300000000000000000e+01
9.900000000000000000e+01
8.600000000000000000e+01
1.010000000000000000e+02
1.130000000000000000e+02
1.200000000000000000e+02
1.090000000000000000e+02
9.800000000000000000e+01
1.190000000000000000e+02
1.200000000000000000e+02
1.110000000000000000e+02
8.300000000000000000e+01
8.900000000000000000e+01
8.600000000000000000e+01
1.170000000000000000e+02
9.500000000000000000e+01
9.000000000000000000e+01
1.110000000000000000e+02
1.020000000000000000e+02
1.180000000000000000e+02
8.700000000000000000e+01
1.000000000000000000e+02
8.700000000000000000e+01
8.600000000000000000e+01
9.600000000000000000e+01
1.170000000000000000e+02
1.030000000000000000e+02
9.600000000000000000e+01
1.040000000000000000e+02
9.300000000000000000e+01
1.020000000000000000e+02
1.030000000000000000e+02
1.090000000000000000e+02
1.030000000000000000e+02
1.060000000000000000e+02
1.160000000000000000e+02
1.180000000000000000e+02
8.200000000000000000e+01
1.060000000000000000e+02
9.600000000000000000e+01
1.040000000000000000e+02
1.060000000000000000e+02
9.900000000000000000e+01
1.020000000000000000e+02
1.070000000000000000e+02
1.080000000000000000e+02
1.200000000000000000e+02
8.400000000000000000e+01
9.300000000000000000e+01
1.090000000000000000e+02
1.180000000000000000e+02
8.800000000000000000e+01
9.900000000000000000e+01
9.700000000000000000e+01
1.130000000000000000e+02
8.200000000000000000e+01
1.110000000000000000e+02
9.000000000000000000e+01
1.080000000000000000e+02
1.100000000000000000e+02
1.100000000000000000e+02
9.600000000000000000e+01
9.200000000000000000e+01
8.900000000000000000e+01
1.110000000000000000e+02
1.200000000000000000e+02
8.500000000000000000e+01
9.700000000000000000e+01
9.400000000000000000e+01
9.700000000000000000e+01
9.200000000000000000e+01
8.200000000000000000e+01
8.100000000000000000e+01
1.100000000000000000e+02
1.180000000000000000e+02
9.800000000000000000e+01
1.100000000000000000e+02
1.050000000000000000e+02
1.010000000000000000e+02
9.500000000000000000e+01
1.020000000000000000e+02
1.000000000000000000e+02
9.800000000000000000e+01
8.500000000000000000e+01
1.190000000000000000e+02
9.200000000000000000e+01
1.050000000000000000e+02
1.180000000000000000e+02
8.200000000000000000e+01
8.800000000000000000e+01
1.170000000000000000e+02
8.000000000000000000e+01
1.130000000000000000e+02
1.150000000000000000e+02
1.000000000000000000e+02
1.120000000000000000e+02
1.200000000000000000e+02
8.600000000000000000e+01
1.000000000000000000e+02
8.300000000000000000e+01
9.500000000000000000e+01
1.150000000000000000e+02
1.120000000000000000e+02
8.100000000000000000e+01
8.600000000000000000e+01
9.700000000000000000e+01
1.060000000000000000e+02
1.150000000000000000e+02
1.190000000000000000e+02
1.000000000000000000e+02
9.600000000000000000e+01
1.140000000000000000e+02
9.300000000000000000e+01
1.120000000000000000e+02
8.700000000000000000e+01
1.000000000000000000e+02
1.150000000000000000e+02
9.500000000000000000e+01
1.130000000000000000e+02
1.040000000000000000e+02
1.180000000000000000e+02
8.100000000000000000e+01
8.100000000000000000e+01
1.000000000000000000e+02
1.030000000000000000e+02
1.180000000000000000e+02
1.020000000000000000e+02
8.600000000000000000e+01
9.000000000000000000e+01
1.170000000000000000e+02
9.200000000000000000e+01
1.170000000000000000e+02
9.900000000000000000e+01
9.900000000000000000e+01
1.060000000000000000e+02
1.160000000000000000e+02
9.200000000000000000e+01
8.000000000000000000e+01
9.300000000000000000e+01
9.900000000000000000e+01
9.300000000000000000e+01
1.190000000000000000e+02
1.090000000000000000e+02
1.190000000000000000e+02
8.800000000000000000e+01
9.700000000000000000e+01
9.400000000000000000e+01
1.060000000000000000e+02
1.070000000000000000e+02
9.100000000000000000e+01
8.800000000000000000e+01
9.700000000000000000e+01
1.190000000000000000e+02
1.150000000000000000e+02
8.600000000000000000e+01
9.000000000000000000e+01
8.700000000000000000e+01
8.300000000000000000e+01
8.900000000000000000e+01
1.150000000000000000e+02
9.200000000000000000e+01
1.040000000000000000e+02
1.030000000000000000e+02
1.030000000000000000e+02
1.140000000000000000e+02
1.090000000000000000e+02
1.160000000000000000e+02
1.050000000000000000e+02
9.300000000000000000e+01
1.180000000000000000e+02
8.300000000000000000e+01
1.060000000000000000e+02
1.070000000000000000e+02
1.030000000000000000e+02
1.000000000000000000e+02
1.160000000000000000e+02
1.120000000000000000e+02
8.700000000000000000e+01
8.400000000000000000e+01
1.100000000000000000e+02
8.800000000000000000e+01
1.200000000000000000e+02
8.600000000000000000e+01
1.020000000000000000e+02
9.400000000000000000e+01
1.040000000000000000e+02
9.700000000000000000e+01
1.200000000000000000e+02
9.000000000000000000e+01
1.040000000000000000e+02
9.400000000000000000e+01
8.700000000000000000e+01
1.170000000000000000e+02
1.000000000000000000e+02
9.700000000000000000e+01
1.090000000000000000e+02
9.500000000000000000e+01
1.070000000000000000e+02
1.030000000000000000e+02
1.180000000000000000e+02
1.170000000000000000e+02
8.300000000000000000e+01
1.040000000000000000e+02
1.130000000000000000e+02
8.100000000000000000e+01
9.600000000000000000e+01
1.110000000000000000e+02
1.040000000000000000e+02
8.500000000000000000e+01
9.200000000000000000e+01
8.500000000000000000e+01
9.900000000000000000e+01
8.600000000000000000e+01
9.100000000000000000e+01
1.140000000000000000e+02
8.800000000000000000e+01
1.120000000000000000e+02
9.300000000000000000e+01
9.500000000000000000e+01
1.100000000000000000e+02
1.040000000000000000e+02
1.050000000000000000e+02
1.130000000000000000e+02
9.000000000000000000e+01
1.000000000000000000e+02
8.400000000000000000e+01
9.400000000000000000e+01
8.400000000000000000e+01
8.900000000000000000e+01
9.100000000000000000e+01
1.190000000000000000e+02
1.060000000000000000e+02
9.600000000000000000e+01
1.050000000000000000e+02
1.080000000000000000e+02
1.030000000000000000e+02
1.000000000000000000e+02
1.060000000000000000e+02
8.600000000000000000e+01
1.000000000000000000e+02
1.140000000000000000e+02
9.500000000000000000e+01
1.010000000000000000e+02
1.000000000000000000e+02
8.600000000000000000e+01
9.700000000000000000e+01
1.100000000000000000e+02
1.150000000000000000e+02
9.600000000000000000e+01
9.100000000000000000e+01
9.700000000000000000e+01
8.100000000000000000e+01
8.200000000000000000e+01
9.900000000000000000e+01
9.400000000000000000e+01
1.080000000000000000e+02
9.600000000000000000e+01
9.700000000000000000e+01
9.400000000000000000e+01
9.600000000000000000e+01
1.090000000000000000e+02
8.700000000000000000e+01
1.140000000000000000e+02
1.100000000000000000e+02
9.400000000000000000e+01
8.500000000000000000e+01
8.000000000000000000e+01
8.500000000000000000e+01
1.000000000000000000e+02
1.070000000000000000e+02
1.090000000000000000e+02
9.100000000000000000e+01
1.200000000000000000e+02
9.100000000000000000e+01
8.100000000000000000e+01
8.400000000000000000e+01
1.130000000000000000e+02
8.100000000000000000e+01
8.700000000000000000e+01
1.150000000000000000e+02
1.000000000000000000e+02
1.000000000000000000e+02
1.150000000000000000e+02
9.400000000000000000e+01
9.000000000000000000e+01
1.070000000000000000e+02
8.100000000000000000e+01
9.800000000000000000e+01
8.500000000000000000e+01
1.160000000000000000e+02
1.170000000000000000e+02
1.170000000000000000e+02
1.030000000000000000e+02
1.080000000000000000e+02
1.090000000000000000e+02
1.100000000000000000e+02
9.800000000000000000e+01
9.700000000000000000e+01
9.900000000000000000e+01
9.700000000000000000e+01
9.700000000000000000e+01
1.050000000000000000e+02
8.500000000000000000e+01
9.500000000000000000e+01
1.090000000000000000e+02
1.150000000000000000e+02
1.050000000000000000e+02
9.400000000000000000e+01
1.190000000000000000e+02
1.120000000000000000e+02
8.400000000000000000e+01
8.100000000000000000e+01
9.300000000000000000e+01
9.700000000000000000e+01
1.150000000000000000e+02
1.120000000000000000e+02
1.040000000000000000e+02
1.150000000000000000e+02
8.100000000000000000e+01
1.170000000000000000e+02
1.010000000000000000e+02
1.010000000000000000e+02
1.200000000000000000e+02
9.400000000000000000e+01
1.160000000000000000e+02
9.200000000000000000e+01
9.200000000000000000e+01
9.000000000000000000e+01
1.010000000000000000e+02
8.500000000000000000e+01
8.600000000000000000e+01
1.010000000000000000e+02
1.050000000000000000e+02
1.040000000000000000e+02
8.400000000000000000e+01
9.300000000000000000e+01
9.400000000000000000e+01
1.050000000000000000e+02
1.080000000000000000e+02
1.040000000000000000e+02
9.500000000000000000e+01
9.300000000000000000e+01
1.090000000000000000e+02
1.150000000000000000e+02
8.900000000000000000e+01
8.800000000000000000e+01
8.600000000000000000e+01
1.010000000000000000e+02
9.000000000000000000e+01
1.010000000000000000e+02
1.030000000000000000e+02
9.500000000000000000e+01
1.110000000000000000e+02
1.040000000000000000e+02
1.060000000000000000e+02
8.600000000000000000e+01
1.000000000000000000e+02
1.030000000000000000e+02
8.900000000000000000e+01
9.900000000000000000e+01
1.010000000000000000e+02
9.200000000000000000e+01
8.800000000000000000e+01
9.300000000000000000e+01
1.080000000000000000e+02
9.700000000000000000e+01
9.500000000000000000e+01
1.010000000000000000e+02
1.090000000000000000e+02
8.600000000000000000e+01
1.150000000000000000e+02
1.110000000000000000e+02
9.800000000000000000e+01
8.700000000000000000e+01
1.150000000000000000e+02
1.150000000000000000e+02
8.500000000000000000e+01
9.800000000000000000e+01
9.000000000000000000e+01
9.800000000000000000e+01
1.080000000000000000e+02
1.030000000000000000e+02
1.160000000000000000e+02
9.600000000000000000e+01
9.600000000000000000e+01
1.160000000000000000e+02
9.300000000000000000e+01
9.400000000000000000e+01
8.300000000000000000e+01
9.100000000000000000e+01
1.090000000000000000e+02
1.080000000000000000e+02
8.000000000000000000e+01
1.170000000000000000e+02
8.000000000000000000e+01
1.140000000000000000e+02
1.160000000000000000e+02
8.700000000000000000e+01
9.400000000000000000e+01
8.000000000000000000e+01
1.090000000000000000e+02
9.000000000000000000e+01
1.080000000000000000e+02
1.020000000000000000e+02
1.090000000000000000e+02
8.800000000000000000e+01
1.100000000000000000e+02
9.800000000000000000e+01
9.700000000000000000e+01
8.300000000000000000e+01
1.140000000000000000e+02
1.150000000000000000e+02
1.010000000000000000e+02
9.900000000000000000e+01
1.000000000000000000e+02
1.200000000000000000e+02
1.060000000000000000e+02
1.180000000000000000e+02
1.150000000000000000e+02
1.000000000000000000e+02
8.300000000000000000e+01
9.300000000000000000e+01
1.060000000000000000e+02
9.300000000000000000e+01
1.110000000000000000e+02
9.900000000000000000e+01
8.600000000000000000e+01
1.000000000000000000e+02
9.600000000000000000e+01
1.160000000000000000e+02
9.400000000000000000e+01
1.020000000000000000e+02
1.090000000000000000e+02
